11001000101111101011101010000011011111010000111000100000011100010111010101100101001000000111010001100101001000000110111101100011011101010111001011000000101010001010000001000001
11001000101111101011101010000011011010010001011001101111011100100111000101110101011001010010000001100001011011000110011101110101011010010110010111000000101010001010000001000001
11001000101111101011101010000011011111110000111001110010011001010010000001100100011001010110111001110100011100100110111100100000011001000110010111000000101010001010000001000001
11001000101111101011101010000011011010110001011001101110001000000111010001100101001000000110110001100001001000000111001001101111011000101010001011000000101010001010000001000001
11001000101111101011101010000011011100010001011001101001011100100010111000100000010011100110111100100000011100000111010101100101011001000110010111000000101010001010000001000001
11001000101111101011101010000011011110010000011001110000011001010111001001101111001000000111000001110101011001010110010001100101011100110010000011000000101010001010000001000001
11001000101111101011101010000011011001010000111001010011011010010010000001101110011011110010000001110100011010010110010101101110011001010111001111000000101010001010000001000001
11001000101111101011101010000011011110110000011001100011011011110110111001110100011100100110111101101100011000010111001000100000011011000110111111000000101010001010000001000001
11001000101111101011101010000011011010010000111001101111011100100111000101110101011001010010000001100001011011000110011101110101011010010110010111000000101010001010000001000001
11001000101111101011101010000011011001110001011000100000011100000110000101111010001000000110111001101111001000000110010101110011001000000111000011000000101010001010000001000001
11001000101111101011101010000011011001010001011001010011011010010010000001101110011011110010000001110100011010010110010101101110011001010111001111000000101010001010000001000001
11001000101111101011101010000011011001110001011000100000011100000110000101111010001000000110111001101111001000000110010101110011001000000111000011000000101010001010000001000001
11001000101111101011101010000011011011010001011000100000001110110010000001100101011100110010000001110000011011110111001001110001011101010110010111000000101010001010000001000001
11001000101111101011101010000011011011110000010100100000011011000110000100100000011001000110010101101010011000010111001101110100011001010010000011000000101010001010000001000001
11001000101111101011101010000011011100110000110001110011001000000110001101101111011011100111010001110010011011110110110001100001011100100010000011000000101010001010000001000001
11001000101111101011101010000011011101010001011001110011011010010110010101101101011100000111001001100101001000000110110001101111001000000111000111000000101010001010000001000001
11001000101111101011101010000011011101110000011001110101011001010010000001110100011001010010000001110000011000010111001101100001001011000010000011000000101010001010000001000001
11001000101111101011101010000011100000010000111000100000011101000110100100101110110000001010100010100000010000010000000000000000000000000000000000000000000000000000000000000000
11001000101111101011101010000011100000100000011001110101011001010010000001110100011001010010000001110000011000010111001101100001001011000010000011000000101010001010000001000001
11001000101111101011101010000011100000110000111001010011011010010010000001101110011011110010000001110100011010010110010101101110011001010111001111000000101010001010000001000001
